$ANSIBLE_VAULT;1.1;AES256
38376165646433363161396233653165386661356235636536323639663538343734643931393531
6638386162353833363836316365343238363039343730300a373564326130383263313266663666
63346264386636323035326165366464366134626565643364613834646333333635636131636535
6161383237646262620a643465353065313230306633363136336166326438323561666263316334
30653061646162393135613937343164613535323162373434613739303632633365643266303964
38643630343533623162366639643562346232643034333832306431343563346536663964313764
62373466666532303966376235363061626539323065613366393031636434623138313838646532
66373031343130326562623430323764643737323536346231383466336537383266326639383735
38653437353666626162383062663031373265323063316337333930663765363038386331383664
30643464613131303963313165383139393133623136303165373665333132323632323565373530
35333037643432353464656539663138393439356432386637373364336239316462653536303236
33666462383263643534346139313136386363646636386230383238393434386635663238333439
30643764633336613166363630333936633931653436326339333462333862303439366339363661
33393866633765656637383431653566643336346336356536333635653261666361646539366539
383664623038643461333133346530373066
